1 7 12 17 22 27
1 8 13 18 23 28
1 9 14 19 24 29
1 10 15 20 25 30
1 11 16 21 26 31
2 7 16 20 24 28
2 8 12 21 25 29
2 9 13 17 26 30
2 10 14 18 22 31
2 11 15 19 23 27
3 7 15 18 26 29
3 8 16 19 22 30
3 9 12 20 23 31
3 10 13 21 24 27
3 11 14 17 25 28
4 7 14 21 23 30
4 8 15 17 24 31
4 9 16 18 25 27
4 10 12 19 26 28
4 11 13 20 22 29
5 7 13 19 25 31
5 8 14 20 26 27
5 9 15 21 22 28
5 10 16 17 23 29
5 11 12 18 14 30
6 27 28 29 30 31
6 22 23 24 25 26
6 17 18 19 20 21
6 12 13 14 15 16
6 7 8 9 10 11
1 2 3 4 5 6